<?xml version="1.0"?>
<opencv_storage>
<calibration_time>"Mon 16 Dec 2019 05:32:45 PM JST"</calibration_time>
<nr_of_frames>25</nr_of_frames>
<image_width>1280</image_width>
<image_height>1024</image_height>
<board_width>4</board_width>
<board_height>11</board_height>
<square_size>15.</square_size>
<fix_aspect_ratio>1.</fix_aspect_ratio>
<!-- flags: +fix_aspectRatio +fix_principal_point +zero_tangent_dist +fix_k4 +fix_k5 -->
<flags>6158</flags>
<fisheye_model>0</fisheye_model>
<camera_matrix type_id="opencv-matrix">
  <rows>3</rows>
  <cols>3</cols>
  <dt>d</dt>
  <data>
    5.0275327477923529e+03 0. 640. 0. 5.0275327477923529e+03 512. 0. 0.
    1.</data></camera_matrix>
<distortion_coefficients type_id="opencv-matrix">
  <rows>5</rows>
  <cols>1</cols>
  <dt>d</dt>
  <data>
    -3.4426557228625493e-01 1.6320742392954788e+01 0. 0.
    -4.4322737517998075e+02</data></distortion_coefficients>
<avg_reprojection_error>2.0753691211845393e-01</avg_reprojection_error>
<per_view_reprojection_errors type_id="opencv-matrix">
  <rows>25</rows>
  <cols>1</cols>
  <dt>f</dt>
  <data>
    3.18665624e-01 3.18472266e-01 4.20457572e-01 2.43756637e-01
    1.69104502e-01 1.91600367e-01 1.71164587e-01 1.75803319e-01
    1.66739613e-01 1.67630419e-01 1.71016350e-01 1.71129793e-01
    1.67280018e-01 1.67520702e-01 1.71325356e-01 1.75456703e-01
    1.69722065e-01 1.68489709e-01 1.79130375e-01 1.71723887e-01
    1.79780021e-01 1.75029010e-01 1.75411165e-01 1.92807108e-01
    1.78369835e-01</data></per_view_reprojection_errors>
<!-- a set of 6-tuples (rotation vector + translation vector) for each view -->
<extrinsic_parameters type_id="opencv-matrix">
  <rows>25</rows>
  <cols>6</cols>
  <dt>d</dt>
  <data>
    6.3673609786643992e-01 2.4718691221015340e-03
    -3.8237550260898224e-03 -6.8612927776285773e+01
    -1.6179316717786517e+02 1.6370865131288519e+03
    6.3640496374532107e-01 6.8811522146552083e-03 7.8793435491909068e-03
    -6.6332675051957608e+01 -1.6228689120233540e+02
    1.6372892481998847e+03 2.1860145446039417e-01 8.1046627187372586e-02
    -2.1290333410354717e-01 5.5092919880847489e+01
    -5.0995672463908242e+01 1.6069081359699801e+03
    1.8693890196303706e-01 6.6984271918539617e-02
    -2.1014773690332200e-01 3.0496325057955925e+01
    1.9829036739112702e+00 1.6190469600692807e+03 2.6597513315965532e-01
    -3.7106296461978043e-02 -2.9714514810899351e-01
    -1.7445133556863101e+02 -1.3233637409526423e+02
    1.6751752235979359e+03 2.5652500668168038e-01
    -4.4509546042779576e-02 -2.8028982866087987e-01
    -1.8521495046175284e+02 -1.1448384647304302e+02
    1.6750802508544029e+03 2.5348631376399050e-01
    -3.9554278964580025e-02 -2.5948747208640116e-01
    -1.7839203737716036e+02 -1.1268082353465395e+02
    1.6758161192717444e+03 2.5091982983917616e-01
    -3.8544490196375306e-02 -2.5318578225407701e-01
    -1.7680964277469832e+02 -1.0851513742140659e+02
    1.6760134869185263e+03 2.5402787519373116e-01
    -3.1428056596266303e-02 -2.5325695398603043e-01
    -1.6485517709546940e+02 -1.1650054266510877e+02
    1.6767968057101093e+03 2.5433050764406712e-01
    -3.1255562391630409e-02 -2.5311828969275546e-01
    -1.6478390509980053e+02 -1.1698738253487505e+02
    1.6762101707660245e+03 2.5403761454474033e-01
    -2.8667876321337396e-02 -2.5205790718388682e-01
    -1.6013156950689492e+02 -1.1762008320896381e+02
    1.6761786571738614e+03 2.5506294268152502e-01
    -2.9665828185316337e-02 -2.5460578032282455e-01
    -1.6252395359609775e+02 -1.1846213920581691e+02
    1.6755058810440607e+03 2.5742498369341477e-01
    -2.6069510607479356e-02 -2.4790966275510076e-01
    -1.5707877103278793e+02 -1.2339622551725630e+02
    1.6763674877808517e+03 2.5379997380219771e-01
    -2.4637227027174656e-02 -2.4262907109525442e-01
    -1.5400639569018051e+02 -1.1617778258633881e+02
    1.6774190698457867e+03 2.5050019404208551e-01
    -2.7559238788802790e-02 -2.4291792189908845e-01
    -1.5793683659258980e+02 -1.0853744090026389e+02
    1.6779697256289801e+03 2.4903905925710365e-01
    -1.9355235777808170e-02 -2.3972558139943614e-01
    -1.4321841132328046e+02 -1.0747201903425771e+02
    1.6798497551236840e+03 2.5052035088996788e-01
    -2.2357619647725622e-02 -2.2555295718450230e-01
    -1.5101376909521741e+02 -1.0843644297117444e+02
    1.6798616221082270e+03 2.4788410911170480e-01
    -2.4317223275528807e-02 -2.1280045978914508e-01
    -1.5426536169442974e+02 -1.0106578218094464e+02
    1.6819300872811109e+03 2.5053692479165379e-01
    -2.0786812095120333e-02 -1.9017794940546884e-01
    -1.4769865867148576e+02 -1.0293791775495683e+02
    1.6858854645816814e+03 2.4417489750194946e-01
    -2.5389090550219866e-02 -1.7958417292370299e-01
    -1.5290432583257368e+02 -8.5696995582100953e+01
    1.6893773600240697e+03 2.5374017167914265e-01
    -2.0182281225063027e-02 -1.6410947459405736e-01
    -1.4659198006890460e+02 -9.8264525156191780e+01
    1.6931689046603192e+03 2.6151627437392827e-01
    -2.3424896935752237e-02 -1.5519313094670650e-01
    -1.5364997070345163e+02 -1.0670816454861820e+02
    1.6950348405450100e+03 2.6776742041595231e-01
    -2.7924077070259744e-02 -1.4301942008043100e-01
    -1.6279917359966518e+02 -1.1053475556455358e+02
    1.6981842680852067e+03 2.8342732750785954e-01
    -3.3107358155378942e-02 -1.2972136563330336e-01
    -1.7497945170914173e+02 -1.3001729641018497e+02
    1.7005552920137861e+03 2.9609594044133369e-01
    -4.0123872958579866e-02 -1.1346761101497559e-01
    -1.9061020146908353e+02 -1.4596545603886418e+02
    1.7020650164829829e+03</data></extrinsic_parameters>
